Graph 1, order 10.
10 9
0 1  0 6  1 2  3 8  4 5  4 6  4 7  4 9  7 8

Graph 2, order 10.
10 9
0 4  1 2  1 5  2 3  3 6  3 7  4 5  6 8  6 9

Graph 3, order 10.
10 9
0 2  1 3  1 4  1 5  2 7  4 8  4 9  5 6  7 9

Graph 4, order 10.
10 9
0 2  1 2  1 7  2 5  3 4  3 9  4 8  5 8  6 9

Graph 5, order 10.
10 9
0 2  0 3  0 9  1 5  1 8  2 7  3 4  4 8  6 7

Graph 6, order 10.
10 9
0 6  0 9  1 2  1 9  2 5  3 4  3 9  7 8  8 9

Graph 7, order 10.
10 9
0 1  0 2  1 4  2 3  3 5  5 7  5 8  6 7  6 9

Graph 8, order 10.
10 9
0 2  0 5  0 6  1 7  2 4  2 9  3 7  5 8  6 7

Graph 9, order 10.
10 9
0 5  0 8  1 3  1 9  2 3  2 8  4 5  5 6  7 9

Graph 10, order 10.
10 9
0 1  0 2  0 5  0 8  2 4  2 9  3 9  6 7  7 9

Graph 1, order 20.
20 19
0 5  0 14  0 17  0 18  1 9  2 13  3 11  4 8  4 10  5 9  5 12  6 17  7 11
7 19  10 17  11 12  13 19  14 15  16 19

Graph 2, order 20.
20 19
0 3  0 9  1 10  1 13  1 18  1 19  2 6  3 6  4 15  5 14  6 7  6 8  7 12
9 11  10 17  12 17  14 15  14 18  16 19

Graph 3, order 20.
20 19
0 8  1 10  2 11  2 13  3 6  3 7  3 8  3 19  4 7  4 18  5 16  9 10  9 14
10 11  10 16  11 19  12 19  15 19  16 17

Graph 4, order 20.
20 19
0 2  0 4  0 19  1 6  2 9  3 14  4 8  4 13  5 11  6 10  7 11  7 13  8 12
8 18  10 12  13 15  14 16  14 17  15 16

Graph 5, order 20.
20 19
0 14  0 19  1 17  2 7  3 17  4 16  5 15  5 16  5 17  6 8  6 17  6 19  7 10
7 18  9 16  11 14  12 17  13 16  14 18

Graph 6, order 20.
20 19
0 2  1 5  1 18  2 3  2 9  2 15  2 17  3 8  3 12  3 14  4 6  4 12  6 11
6 16  7 9  8 18  10 17  13 15  15 19

Graph 7, order 20.
20 19
0 16  1 11  1 14  1 19  2 3  2 4  2 17  4 5  4 11  6 7  7 13  8 10  8 13
8 19  9 11  10 16  12 14  14 15  17 18

Graph 8, order 20.
20 19
0 1  0 3  1 13  1 17  2 16  2 18  3 6  3 14  4 9  5 11  7 14  8 10  9 12
10 15  11 14  11 15  12 15  12 18  12 19

Graph 9, order 20.
20 19
0 6  0 14  1 5  1 10  1 16  2 3  3 15  4 7  4 9  7 15  7 16  8 12  10 17
11 12  12 15  13 15  13 19  14 16  14 18

Graph 10, order 20.
20 19
0 17  0 19  1 8  2 4  2 17  3 8  4 18  5 7  5 16  6 11  6 15  7 17  8 17
9 18  10 15  10 18  11 12  11 13  12 14

Graph 1, order 30.
30 29
0 11  0 15  1 3  1 28  2 9  2 17  4 12  5 17  6 17  6 27  7 19  8 9  8 21
8 26  9 13  9 25  10 11  10 14  10 25  11 24  12 16  12 23  13 29  16 20
17 20  18 25  19 24  21 28  22 25

Graph 2, order 30.
30 29
0 11  1 6  1 23  2 26  2 29  3 29  4 17  4 26  5 21  7 23  8 16  8 18
9 22  10 12  11 12  11 13  11 24  13 15  13 16  14 27  15 22  15 25  15 29
18 21  19 25  19 27  20 25  22 23  28 29

Graph 3, order 30.
30 29
0 5  0 9  1 4  1 7  2 9  3 4  3 19  4 8  4 25  5 12  5 24  6 11  7 23
8 18  8 28  10 29  11 17  11 21  11 23  12 22  12 26  13 21  14 17  15 20
15 27  16 27  22 25  23 29  27 28

Graph 4, order 30.
30 29
0 13  0 15  1 14  2 18  3 14  3 28  4 13  5 13  6 17  7 28  8 21  8 29
9 16  9 20  10 18  10 22  10 24  10 28  10 29  11 18  12 20  14 17  14 25
15 22  17 20  17 26  19 21  23 25  27 29

Graph 5, order 30.
30 29
0 8  1 10  2 15  3 12  3 27  4 6  4 12  5 9  5 17  5 18  6 20  6 21  7 10
7 22  8 20  8 28  9 10  10 13  10 24  11 26  13 20  14 19  15 21  15 26
16 17  19 23  20 29  23 25  24 25

Graph 6, order 30.
30 29
0 2  0 6  0 9  0 17  1 16  1 19  1 29  3 19  3 26  4 11  5 7  6 13  7 10
7 15  8 21  9 18  11 13  11 20  11 25  12 15  12 21  12 22  12 24  14 29
18 23  18 28  19 24  19 27  23 24

Graph 7, order 30.
30 29
0 22  1 3  1 12  2 16  2 25  3 18  3 19  4 25  5 11  5 28  6 21  6 29
7 12  7 25  8 14  9 24  10 14  10 23  10 26  12 24  12 26  13 16  13 17
15 17  18 20  22 28  26 29  27 29  28 29

Graph 8, order 30.
30 29
0 14  1 7  1 16  1 28  2 8  2 16  3 24  4 12  4 23  5 6  5 29  8 14  8 20
8 29  9 14  10 11  10 14  10 22  11 18  13 21  13 23  13 26  15 17  15 19
15 20  19 23  22 27  24 27  25 28

Graph 9, order 30.
30 29
0 19  1 28  2 14  2 20  2 22  3 6  3 12  3 22  4 12  4 25  5 25  7 23
7 26  8 11  8 16  8 17  9 13  10 17  10 22  12 21  13 24  13 27  14 27
15 18  18 19  18 26  18 28  19 20  28 29

Graph 10, order 30.
30 29
0 27  1 11  2 15  2 19  2 28  3 8  3 22  4 18  4 28  5 22  5 28  6 25
7 24  8 9  8 10  10 23  11 18  12 27  13 18  14 23  16 23  17 25  20 25
21 29  24 28  25 26  25 28  26 29  27 28

Graph 1, order 40.
40 39
0 28  1 15  1 24  2 25  3 33  3 36  4 6  4 21  4 22  5 25  6 33  7 14
8 27  9 22  10 17  10 18  10 25  10 28  11 15  11 16  12 33  13 20  14 26
14 39  16 27  17 32  19 22  19 34  20 35  20 38  22 27  23 25  23 27  24 35
25 29  25 37  26 34  29 30  31 32

Graph 2, order 40.
40 39
0 2  1 11  1 16  1 33  2 18  3 17  3 27  3 36  4 20  4 36  5 9  5 39  6 25
6 29  7 30  8 10  8 18  11 39  12 27  12 32  13 25  13 37  14 20  15 31
15 37  18 34  19 38  20 23  21 30  21 34  21 35  22 32  24 37  25 28  26 37
32 35  32 37  33 38  36 39

Graph 3, order 40.
40 39
0 12  0 34  1 14  2 3  2 29  3 9  3 17  4 34  5 19  6 7  6 17  6 33  8 21
8 26  9 21  10 15  11 25  11 37  13 22  14 24  15 23  15 27  15 35  16 20
16 28  17 38  18 29  18 30  19 32  22 24  23 33  24 36  25 33  26 32  26 34
26 39  27 28  31 38  33 36

Graph 4, order 40.
40 39
0 32  0 33  1 11  1 38  2 15  2 22  3 14  3 18  4 19  4 22  5 10  5 37
6 21  6 34  7 36  8 30  9 21  9 37  12 28  12 31  13 25  14 32  16 33
17 23  19 26  19 38  20 27  21 33  21 38  23 32  23 35  24 25  25 28  27 31
27 36  29 36  30 35  36 38  38 39

Graph 5, order 40.
40 39
0 11  1 38  2 7  2 12  3 20  3 33  4 27  5 11  5 14  5 16  5 21  6 26
6 29  6 33  7 24  8 18  8 27  9 15  9 37  10 34  13 24  13 28  13 31  14 30
14 35  15 30  15 38  15 39  16 22  17 29  18 30  19 21  20 36  22 23  23 24
23 26  25 35  32 39  34 37

Graph 6, order 40.
40 39
0 3  0 27  1 19  1 32  2 32  3 4  4 11  4 39  5 15  5 18  6 22  7 38  7 39
8 28  9 18  9 24  10 20  10 22  10 35  11 23  12 27  13 21  14 34  14 35
16 29  16 31  17 26  19 24  21 25  21 39  24 30  25 36  26 28  26 31  27 30
29 33  29 36  29 37  33 34

Graph 7, order 40.
40 39
0 3  1 27  2 36  3 15  4 7  4 32  5 26  5 34  6 36  6 38  7 8  7 25  8 21
9 12  10 20  11 30  11 37  12 29  13 14  13 35  14 19  14 26  15 27  16 22
16 23  16 29  17 24  18 30  19 28  19 30  20 23  22 39  24 29  25 36  27 32
31 36  33 35  33 36  37 39

Graph 8, order 40.
40 39
0 11  0 24  1 19  2 15  3 20  3 21  3 25  3 39  4 14  4 22  5 18  5 30
5 31  6 39  7 9  7 17  8 22  10 27  11 21  12 13  12 17  12 36  14 38
15 26  16 19  16 37  17 27  18 32  19 29  21 31  21 33  21 36  22 30  23 35
24 35  26 36  28 30  33 34  36 37

Graph 9, order 40.
40 39
0 9  0 21  1 7  1 8  1 23  1 29  1 32  2 4  3 6  3 10  3 34  4 8  5 13
5 31  7 12  9 16  10 29  11 19  13 18  14 39  15 27  16 22  17 26  19 21
20 22  21 37  22 24  22 26  25 34  26 28  27 33  27 35  28 32  29 38  30 31
30 33  32 33  35 39  36 39

Graph 10, order 40.
40 39
0 15  0 38  1 9  2 15  2 20  3 13  3 19  3 24  4 23  4 32  5 34  5 38
6 10  6 11  6 26  6 28  7 29  7 31  8 25  9 21  10 13  10 18  11 21  12 24
12 37  14 23  15 25  16 28  16 32  17 29  19 38  20 36  22 39  26 39  27 28
27 29  29 35  30 33  33 38

Graph 1, order 50.
50 49
0 44  1 9  1 41  2 8  2 35  2 47  3 25  4 24  5 12  5 31  5 44  6 40  6 49
7 14  7 17  8 23  9 32  10 15  11 32  11 46  12 38  13 23  15 27  15 37
16 35  17 33  17 48  17 49  18 19  18 27  18 42  19 46  20 46  21 23  22 27
24 42  24 49  25 28  25 30  25 40  26 28  28 29  31 37  34 39  34 42  34 43
35 42  36 39  43 45

Graph 2, order 50.
50 49
0 23  0 44  1 9  1 39  2 4  2 28  2 40  3 48  4 5  4 12  5 13  6 7  6 41
6 43  7 11  8 49  10 13  10 47  13 35  14 16  14 24  14 30  15 35  15 38
16 29  16 34  17 31  17 33  18 23  18 37  19 31  20 46  21 27  22 34  25 30
26 35  27 40  30 32  30 48  31 34  33 49  36 39  36 46  40 42  41 47  42 44
42 45  44 46  45 49

Graph 3, order 50.
50 49
0 28  0 35  1 19  1 46  2 32  2 41  3 33  3 49  4 29  4 32  5 29  5 40
6 28  6 44  7 44  8 37  8 38  9 15  9 22  9 24  10 27  11 40  12 21  12 30
13 38  14 24  14 39  16 48  17 31  17 47  18 19  18 42  20 27  20 42  20 43
23 45  24 38  25 36  25 45  26 46  30 33  30 46  31 36  31 41  34 43  39 44
44 47  45 48  48 49

Graph 4, order 50.
50 49
0 17  1 25  1 31  1 40  1 46  2 8  2 19  2 35  3 43  4 33  5 49  6 7  7 10
7 37  9 31  11 19  12 23  12 29  12 39  13 28  14 15  14 32  16 42  16 47
17 29  17 37  18 44  19 40  20 30  21 31  22 38  22 47  23 27  24 41  24 45
26 45  28 29  28 41  29 33  30 39  30 46  31 34  32 41  35 49  36 37  38 43
38 49  44 49  48 49

Graph 5, order 50.
50 49
0 17  1 3  1 25  1 38  1 46  2 12  3 26  4 19  4 48  5 38  5 41  5 45
6 24  6 31  7 10  8 11  8 17  8 18  8 34  9 34  10 32  10 38  12 32  13 20
14 31  15 21  16 43  17 44  18 25  19 28  20 29  21 22  22 49  23 33  23 40
24 30  24 46  26 39  27 29  27 35  27 42  27 43  27 48  33 41  33 49  35 47
36 45  36 48  37 38

Graph 6, order 50.
50 49
0 16  1 11  2 26  2 28  2 33  2 41  3 36  4 28  4 43  5 10  5 15  5 17
6 13  6 37  7 11  7 44  8 21  9 44  11 16  11 47  12 25  13 26  14 18
14 24  14 40  15 22  15 40  17 32  19 48  20 38  20 39  20 48  21 33  22 26
22 29  22 35  23 32  23 45  25 30  25 36  27 39  27 43  31 47  34 35  36 40
36 46  37 42  39 49  40 44

Graph 7, order 50.
50 49
0 1  1 12  2 44  3 25  3 38  4 32  5 36  6 21  7 14  7 30  7 45  7 47
8 19  8 35  9 24  9 32  10 39  11 30  12 30  13 21  13 25  15 44  15 45
16 34  16 42  17 28  17 47  18 32  18 33  18 40  19 37  20 34  21 41  22 36
22 48  23 36  24 38  26 44  27 34  29 44  31 42  31 46  33 44  35 36  37 42
38 39  39 46  43 46  46 49

Graph 8, order 50.
50 49
0 22  1 20  1 44  2 9  3 7  3 27  4 10  4 23  5 35  5 43  6 46  7 36  7 41
8 33  8 42  9 23  9 29  9 31  11 46  12 40  13 31  14 27  15 21  15 32
16 42  17 18  17 30  17 48  19 48  20 30  20 41  21 38  22 29  22 35  23 37
24 31  25 43  26 48  28 48  28 49  29 46  32 39  33 45  34 35  34 38  37 40
39 47  42 48  46 49

Graph 9, order 50.
50 49
0 40  1 35  1 42  2 8  3 16  3 44  4 23  5 40  5 45  6 30  7 12  7 13
7 29  8 13  9 11  9 14  9 38  10 26  10 33  10 36  10 37  11 41  12 23
13 39  15 46  16 27  17 23  17 30  18 48  19 21  19 43  19 49  20 44  22 43
23 36  24 32  24 44  24 48  25 26  28 49  29 34  30 38  31 40  35 49  36 48
37 47  38 49  39 46  40 47

Graph 10, order 50.
50 49
0 5  0 19  0 31  1 39  1 44  2 4  2 30  3 48  4 20  4 42  5 23  5 38  6 47
7 9  7 23  8 16  8 48  10 29  11 21  11 24  12 32  12 35  12 48  13 25
13 49  14 17  14 35  15 44  16 28  16 45  18 29  19 46  20 43  20 47  22 39
24 27  24 33  25 39  26 45  27 31  28 44  29 30  29 31  32 36  33 37  33 41
34 43  37 49  40 42

Graph 1, order 60.
60 59
0 42  1 25  1 47  2 10  2 49  3 18  3 37  4 46  5 13  5 21  5 43  6 8
6 11  6 30  7 24  7 55  7 56  7 59  9 23  9 42  9 44  12 18  12 40  13 35
14 33  15 26  16 47  17 39  17 55  18 30  18 46  19 52  19 54  19 57  20 27
20 33  21 45  22 26  23 58  24 26  25 55  26 28  26 54  27 41  29 31  29 51
32 43  33 36  34 38  34 41  34 48  34 53  35 55  37 51  41 50  42 49  44 51
50 58  52 58

Graph 2, order 60.
60 59
0 27  1 21  1 33  1 35  2 37  3 40  3 58  4 11  5 23  5 25  5 47  6 15
6 47  7 28  7 52  8 19  8 28  9 46  10 12  10 37  10 51  11 35  13 23
14 34  15 24  15 41  15 58  16 38  17 44  17 59  18 23  18 38  18 59  20 45
20 48  22 26  22 35  23 51  24 39  26 31  26 57  27 50  27 58  29 45  30 38
32 46  33 36  33 48  33 53  33 55  34 37  36 47  40 46  42 51  43 49  44 54
45 49  50 56  52 56

Graph 3, order 60.
60 59
0 21  0 39  1 11  1 38  1 41  2 57  3 50  4 32  5 26  5 35  5 44  5 58
6 33  6 46  7 43  8 15  8 40  9 34  9 37  10 34  11 25  11 31  12 41  12 53
13 32  13 57  14 16  14 27  14 30  17 32  17 40  18 25  18 27  19 27  19 45
20 33  22 52  22 57  23 56  24 37  24 42  24 45  26 59  28 33  28 53  29 35
33 50  36 37  38 43  39 57  40 59  43 56  46 51  47 58  48 50  48 58  49 55
49 59  54 56

Graph 4, order 60.
60 59
0 16  0 24  1 19  2 7  2 31  2 54  3 13  3 54  4 21  4 45  5 27  5 53
6 17  6 30  6 54  8 25  8 37  9 21  9 23  9 55  10 41  11 42  11 44  12 47
12 56  12 58  13 20  13 29  13 53  14 49  15 36  16 35  18 28  18 38  19 26
19 36  19 46  20 57  22 40  23 31  23 51  24 26  25 31  25 33  28 36  28 37
31 43  32 34  32 48  33 48  33 50  34 42  34 59  39 51  40 52  41 49  41 59
42 52  47 54

Graph 5, order 60.
60 59
0 13  0 34  1 8  2 25  3 22  3 46  4 8  4 40  5 6  5 8  5 33  7 9  7 11
7 56  8 53  9 40  9 52  10 43  12 15  12 32  12 45  14 26  14 30  15 25
15 31  16 48  17 49  18 24  18 35  19 39  20 22  20 42  21 59  22 38  22 44
23 27  23 51  25 27  26 59  28 46  29 38  30 41  32 37  33 34  35 42  35 49
35 58  36 57  39 41  39 51  42 48  43 52  43 54  45 49  47 55  48 55  50 54
50 59  52 57

Graph 6, order 60.
60 59
0 9  0 57  1 3  1 7  1 52  2 23  2 41  3 6  4 15  5 30  5 47  5 49  5 57
6 42  7 53  8 35  8 48  8 55  8 58  10 41  11 36  12 16  13 20  13 21
13 36  14 16  14 35  14 59  15 29  15 31  15 32  15 46  17 50  18 46  18 50
19 22  19 36  20 26  21 46  22 28  22 39  23 33  23 38  24 42  25 47  27 59
28 34  28 40  33 44  33 57  34 55  35 52  37 49  42 51  43 55  45 50  47 58
54 55  56 59

Graph 7, order 60.
60 59
0 42  0 47  1 7  1 18  2 6  2 7  2 40  3 44  4 5  4 25  5 30  6 36  7 17
7 44  8 20  9 12  9 26  10 36  10 38  10 39  11 15  11 20  11 23  12 35
13 21  14 45  14 47  15 44  16 31  18 51  19 43  19 45  19 55  20 37  21 22
21 34  24 58  25 28  27 59  28 34  28 48  29 56  30 35  31 50  32 55  33 46
35 57  39 57  40 41  42 53  42 54  44 52  46 54  47 50  48 49  48 55  49 58
50 59  56 57

Graph 8, order 60.
60 59
0 56  0 59  1 24  2 6  3 34  3 47  4 49  4 58  5 26  5 36  6 16  7 50
8 31  8 55  9 26  9 46  10 29  11 32  12 24  13 26  13 29  14 20  14 53
14 59  15 46  15 54  16 33  16 45  17 52  18 26  18 49  19 58  19 59  20 51
21 28  21 35  21 43  22 49  23 25  23 34  24 44  24 50  27 40  27 51  29 55
30 50  32 46  33 47  34 35  34 48  36 52  37 55  38 47  39 54  41 42  41 46
44 52  45 50  48 57

Graph 9, order 60.
60 59
0 2  0 22  1 28  1 44  2 4  3 17  4 40  5 8  5 32  6 59  7 43  7 52  7 54
8 26  8 59  9 36  10 28  11 45  12 20  12 30  13 23  14 18  14 59  15 23
16 29  16 56  17 26  19 26  20 39  21 29  21 38  22 28  23 32  23 49  24 27
25 47  25 50  27 48  27 51  27 59  30 31  30 45  33 53  34 41  34 48  35 58
36 40  37 53  37 54  38 45  38 47  38 57  40 54  42 43  46 52  46 55  46 56
55 58  57 59

Graph 10, order 60.
60 59
0 21  1 17  1 59  2 12  2 33  3 6  4 27  5 21  5 55  6 24  7 18  7 23
7 38  7 50  8 32  9 10  9 40  10 57  11 21  13 29  14 32  14 43  14 59
15 16  15 42  15 50  17 19  17 37  18 31  19 21  19 35  19 53  20 49  21 48
21 58  22 25  22 44  23 45  23 51  23 56  24 29  26 32  27 30  27 41  28 48
29 36  29 47  33 41  33 57  34 39  34 59  37 57  41 46  41 47  42 52  42 54
44 56  48 49  50 55

Graph 1, order 70.
70 69
0 66  1 21  1 54  1 68  2 4  3 32  4 30  5 35  6 55  6 64  7 60  8 45
8 59  9 25  9 45  10 27  10 38  10 57  11 35  12 58  13 23  13 65  14 53
15 17  15 38  15 45  15 46  16 39  16 68  18 28  18 35  18 45  19 42  20 33
22 42  23 24  24 63  26 38  26 42  27 44  27 50  29 52  30 62  30 65  31 44
32 60  33 36  33 59  34 40  34 60  36 61  37 62  38 48  39 66  40 48  41 43
41 58  42 67  43 46  43 62  46 69  47 52  49 56  50 56  51 59  52 59  53 66
54 64  57 64

Graph 2, order 70.
70 69
0 64  1 4  1 16  2 20  2 63  3 15  3 47  4 14  5 19  6 63  7 57  8 13
8 43  8 57  9 11  9 43  10 59  11 36  11 47  12 39  12 43  13 65  14 19
14 38  14 48  17 51  18 19  18 60  20 42  20 54  21 60  22 56  23 34  23 59
24 49  25 54  25 58  25 61  25 64  26 29  26 44  26 51  27 48  28 36  29 48
29 57  30 32  30 39  31 55  31 67  32 33  34 41  34 45  34 64  35 49  35 50
35 68  37 57  39 67  40 53  42 47  45 66  46 68  47 52  47 69  49 56  53 55
61 68  62 66

Graph 3, order 70.
70 69
0 14  0 26  0 46  1 17  1 30  1 56  2 10  2 36  2 37  3 12  3 20  4 16
4 39  4 66  5 32  6 15  6 53  7 15  7 18  7 25  8 13  9 15  9 22  9 65
10 31  11 38  13 40  14 50  19 28  19 42  19 64  20 56  21 38  21 58  21 62
21 64  21 65  22 24  23 68  24 52  27 60  28 69  29 30  30 31  30 46  32 43
32 63  33 35  34 52  35 49  35 60  36 55  40 64  41 46  41 68  43 54  44 57
45 65  46 61  47 64  48 52  48 59  51 59  53 68  56 66  57 63  58 60  63 68
65 67

Graph 4, order 70.
70 69
0 68  0 69  1 30  1 40  2 25  2 65  3 21  4 28  4 42  4 51  5 35  5 41
6 46  6 58  7 27  7 64  8 27  8 45  9 10  10 64  11 68  12 20  13 36  14 16
15 56  16 18  16 31  16 40  17 62  19 66  19 67  20 47  20 55  21 67  22 44
23 54  24 68  25 43  26 39  26 46  27 30  29 64  31 47  32 33  32 49  32 53
33 61  34 38  34 42  36 67  37 56  39 65  40 54  41 51  41 57  43 48  43 69
44 61  44 66  46 50  47 52  48 56  49 68  57 65  58 63  59 67  60 63  62 63
64 68

Graph 5, order 70.
70 69
0 28  0 43  0 59  1 14  2 23  2 33  2 56  3 11  3 58  4 9  4 68  5 45
5 69  6 41  7 8  7 38  7 66  8 20  9 11  10 24  10 30  10 44  11 57  12 35
13 22  13 28  13 33  13 45  13 60  14 57  15 19  15 52  16 32  16 44  17 37
18 26  19 25  19 27  21 24  22 29  22 61  26 31  26 49  27 44  27 49  28 65
30 54  32 64  33 39  34 56  35 36  36 42  36 53  37 59  38 43  40 49  40 59
41 68  42 50  42 55  45 53  46 57  46 67  47 48  47 51  47 63  57 60  61 62
63 67

Graph 6, order 70.
70 69
0 4  0 8  0 13  0 27  0 42  0 58  1 5  2 64  3 14  3 19  5 34  5 46  6 63
7 65  8 18  8 20  9 54  10 21  10 54  11 31  11 51  12 16  12 34  13 39
13 48  14 49  15 17  15 36  15 40  16 29  16 37  18 43  18 67  19 25  19 62
21 59  21 69  22 28  22 52  23 52  24 38  25 46  26 37  27 57  28 32  28 41
28 58  30 61  30 64  31 50  33 43  35 51  36 45  36 60  38 47  38 53  42 56
43 60  44 46  44 64  45 50  45 53  46 63  55 61  59 66  59 68  60 65  62 67
66 67

Graph 7, order 70.
70 69
0 22  0 59  1 6  1 54  1 63  2 23  2 44  3 68  4 20  5 42  6 67  7 16
8 31  9 10  9 60  10 38  10 48  10 66  11 31  11 62  11 69  12 26  13 27
14 67  15 25  15 40  15 57  16 29  16 53  16 68  17 50  18 46  18 57  19 21
19 61  20 58  20 67  21 22  22 27  23 47  24 31  26 60  27 42  28 51  28 57
28 66  29 32  29 69  30 64  33 36  33 47  34 52  35 43  35 51  37 41  37 53
39 53  39 55  41 59  45 61  46 50  47 51  48 49  48 56  48 65  52 64  58 65
60 68  64 69

Graph 8, order 70.
70 69
0 35  0 65  1 3  1 61  2 43  4 64  5 14  5 28  6 34  6 56  7 8  7 55  7 58
8 20  9 11  9 26  10 17  10 24  10 27  10 33  10 38  11 19  11 30  12 22
13 44  13 49  14 16  14 64  15 51  15 57  17 26  18 28  18 62  19 35  19 49
20 65  21 60  22 26  23 41  23 69  24 60  25 53  28 46  28 48  29 36  30 59
31 39  31 51  31 65  32 40  32 50  33 53  36 59  37 45  37 46  40 42  40 68
42 45  42 49  43 48  45 63  46 56  47 58  50 69  52 66  52 67  54 65  56 61
57 67

Graph 9, order 70.
70 69
0 7  1 9  1 43  2 5  2 38  3 23  3 36  4 41  4 52  4 63  5 30  5 50  5 60
6 32  7 39  7 59  8 12  8 34  8 35  9 40  10 25  11 17  11 25  12 13  12 22
13 47  14 25  14 67  15 32  15 33  15 57  15 69  16 49  16 51  17 31  18 28
19 39  20 21  20 69  21 58  21 59  22 40  23 41  24 28  24 30  25 26  26 36
27 33  27 53  29 44  32 45  34 36  34 66  36 62  36 64  37 40  37 68  39 46
42 67  43 50  44 60  48 58  48 65  49 55  49 60  50 54  56 68  61 67  67 69

Graph 10, order 70.
70 69
0 26  0 53  1 21  1 30  1 59  2 18  2 27  2 58  3 35  3 65  4 48  5 15
5 62  6 13  7 15  7 37  8 45  9 35  9 51  10 57  11 23  11 47  12 19  12 33
12 55  13 68  14 38  14 39  14 45  14 61  14 67  16 24  17 31  18 41  19 36
19 44  19 47  20 34  21 40  22 29  24 27  24 30  25 65  25 67  26 68  28 36
28 58  29 64  30 42  30 53  31 44  32 55  33 54  33 63  34 61  34 69  37 40
41 66  43 68  44 49  46 54  47 51  47 57  48 69  50 58  52 54  52 56  53 60
63 64

Graph 1, order 80.
80 79
0 40  0 61  1 35  1 41  1 45  1 74  2 54  3 21  3 38  3 66  4 61  5 57
6 24  6 69  7 16  7 17  7 69  8 9  8 47  9 60  10 22  10 32  10 65  11 42
11 56  12 62  13 23  13 58  14 39  14 47  15 27  15 42  18 21  18 41  18 57
19 28  19 31  20 46  20 68  20 73  23 71  24 45  25 36  25 63  26 56  28 69
29 37  29 54  30 76  31 33  31 44  34 76  35 51  35 65  36 52  37 48  37 66
38 71  38 77  40 69  42 57  42 64  43 48  44 55  46 75  49 52  49 69  49 76
50 78  53 59  55 59  57 67  60 63  60 70  62 65  63 78  64 72  66 68  72 79

Graph 2, order 80.
80 79
0 24  1 22  1 53  1 76  2 13  2 37  3 17  3 46  3 62  4 55  4 71  5 25
6 7  6 39  6 72  6 77  7 9  7 78  8 14  8 33  8 49  10 19  10 29  11 58
11 67  12 20  13 23  14 23  14 66  15 42  15 70  16 57  17 64  18 34  19 72
20 29  21 49  21 76  24 67  25 43  25 51  26 54  27 55  28 37  28 41  28 45
28 50  29 31  29 36  29 48  30 36  32 35  32 71  34 77  37 61  38 78  40 70
40 71  42 52  43 53  44 66  46 74  47 53  48 63  50 64  52 61  54 70  55 79
56 67  57 62  57 69  59 72  60 74  62 68  65 69  65 77  67 70  69 73  75 77

Graph 3, order 80.
80 79
0 9  0 14  1 6  1 47  2 68  3 63  4 9  4 31  5 18  5 47  6 39  7 30  7 34
7 65  8 60  9 75  10 14  11 33  12 45  13 15  14 74  15 28  15 44  16 23
16 52  17 54  18 19  20 23  21 44  21 51  21 66  22 27  24 54  24 60  25 26
26 63  27 38  27 79  28 30  29 31  29 69  32 40  33 46  34 36  34 69  35 62
35 64  36 49  37 60  37 70  40 49  41 64  42 68  43 59  43 70  45 78  46 47
47 65  48 66  49 50  50 55  50 58  51 68  52 56  52 61  53 79  54 76  55 61
56 71  57 61  60 63  61 73  62 65  63 72  64 79  66 70  67 70  70 78  77 78

Graph 4, order 80.
80 79
0 59  1 71  2 9  2 22  2 51  2 61  3 27  3 39  3 58  4 33  4 44  4 77
5 41  5 65  6 26  6 77  7 24  8 24  8 34  10 62  11 38  12 38  12 49  12 54
12 67  13 30  13 52  14 27  15 24  16 25  16 66  17 79  18 34  19 21  19 61
20 35  20 58  21 29  21 57  23 35  25 78  26 46  26 50  26 56  27 57  28 39
28 74  30 70  31 32  31 36  31 66  34 72  35 55  35 66  37 77  40 68  41 43
42 48  42 49  42 76  43 45  45 48  47 49  49 66  49 77  51 60  51 69  51 71
52 76  53 69  53 72  59 70  62 77  63 72  64 75  67 73  68 70  74 75  78 79

Graph 5, order 80.
80 79
0 31  0 77  1 75  2 16  3 13  3 23  3 30  3 41  4 5  4 36  4 76  5 6  5 35
5 66  6 10  6 62  7 64  8 19  8 47  8 63  8 77  9 74  10 59  11 17  12 35
13 34  13 72  14 52  14 72  15 56  15 72  16 46  16 58  17 67  17 71  18 62
19 59  20 56  20 61  21 22  21 26  21 42  21 49  21 54  23 67  24 68  25 64
25 66  26 28  26 38  26 68  26 72  27 31  27 79  29 70  31 73  31 74  32 41
33 62  34 77  36 69  37 44  38 50  39 60  39 66  40 43  40 44  40 53  40 70
41 46  44 45  45 63  48 68  51 72  54 75  55 72  56 57  56 65  67 78

Graph 6, order 80.
80 79
0 18  1 36  1 62  2 35  2 36  2 65  2 78  3 15  4 74  5 9  5 59  6 77
7 8  7 29  7 41  8 9  10 55  10 61  10 63  11 34  11 48  12 37  12 67
13 27  14 47  14 55  14 70  15 41  15 71  16 30  17 67  18 42  18 60  19 40
19 77  20 24  20 48  20 49  21 55  21 73  22 65  23 42  25 43  25 51  26 72
27 38  27 54  28 74  30 69  31 47  31 60  31 75  32 63  33 48  33 67  34 44
35 77  36 56  36 57  37 53  39 42  43 73  44 66  45 50  46 67  46 77  47 78
49 50  52 72  54 75  58 69  58 72  59 77  60 72  62 64  66 74  66 79  68 71
74 76

Graph 7, order 80.
80 79
0 53  0 54  0 66  1 16  1 23  1 32  1 77  2 15  2 20  2 31  3 50  3 62
3 64  4 62  4 63  5 31  6 44  7 17  7 78  8 70  9 33  10 60  11 61  11 62
12 56  12 60  12 73  13 24  14 41  16 46  17 66  18 21  18 25  18 34  18 43
19 42  19 44  22 33  22 53  23 27  24 48  24 74  25 51  26 52  26 62  27 57
28 31  28 34  28 49  29 51  30 38  30 40  31 37  31 59  32 45  32 60  35 52
36 68  37 39  37 71  40 48  41 70  41 78  42 55  42 67  42 79  44 47  46 48
47 53  48 76  49 58  51 53  56 75  59 74  62 67  64 68  65 72  69 70  72 73

Graph 8, order 80.
80 79
0 3  0 13  0 19  1 68  1 79  2 52  2 65  3 11  4 6  4 17  4 41  4 58  4 59
4 75  5 21  5 44  5 47  6 44  7 40  7 74  8 47  9 24  9 37  10 32  10 55
12 78  14 35  14 56  15 61  15 74  15 79  16 18  16 43  17 45  17 78  18 41
19 27  19 53  20 46  20 71  20 73  22 69  23 48  23 65  24 76  25 36  25 38
25 57  26 41  27 77  28 56  28 63  28 73  29 49  30 35  30 74  31 34  31 43
32 44  33 73  34 50  36 69  38 64  39 42  39 54  40 49  42 66  43 63  47 51
49 60  52 53  54 57  54 61  61 67  61 70  61 72  62 68  65 67  68 76

Graph 9, order 80.
80 79
0 21  1 30  1 37  1 59  2 28  2 34  2 53  3 24  4 40  5 47  5 71  6 45
6 78  7 36  7 69  8 24  9 40  9 65  9 75  10 16  10 74  11 14  11 19  11 65
12 38  12 43  13 19  13 44  13 47  15 24  15 35  15 77  16 57  16 77  17 63
18 56  18 75  20 43  20 61  21 45  21 48  22 29  22 51  22 60  23 57  25 62
25 77  26 31  26 65  27 39  28 72  32 50  32 52  33 49  33 66  35 37  36 37
36 64  38 53  39 58  39 73  41 63  41 68  42 53  43 70  46 49  48 63  48 76
49 56  50 56  50 61  51 57  53 79  54 72  55 79  56 73  61 62  63 79  67 70

Graph 10, order 80.
80 79
0 31  1 60  2 49  3 14  4 42  4 50  5 73  6 17  6 22  6 40  6 74  7 54
7 78  8 16  8 30  8 35  8 63  9 76  10 14  10 39  10 55  11 54  12 38
12 65  12 69  13 15  13 46  14 75  15 64  16 50  17 20  17 51  17 76  18 56
18 60  19 59  21 35  21 49  21 77  23 70  23 76  24 26  24 37  24 43  25 63
25 72  27 35  28 61  29 39  29 77  31 32  31 79  33 55  34 69  35 70  36 47
36 73  37 41  40 57  40 78  41 71  42 79  43 69  44 47  44 67  44 77  45 67
48 56  52 55  53 62  54 68  58 59  58 61  59 67  60 64  60 70  61 62  63 66
63 69

Graph 1, order 90.
90 89
0 51  1 29  1 37  1 39  1 48  2 4  2 22  3 5  3 58  3 81  4 18  4 43  5 75
6 57  7 31  7 66  7 68  8 60  8 80  9 49  10 21  11 84  12 72  12 80  13 36
13 56  14 37  14 65  14 83  15 45  15 53  16 56  16 57  17 31  17 35  17 64
17 78  19 26  19 41  19 54  20 24  20 26  21 32  22 27  22 69  23 46  23 69
23 88  24 33  24 71  25 42  25 45  28 50  30 36  32 46  34 61  34 62  37 72
38 42  38 67  38 79  40 42  40 55  41 84  42 70  44 81  47 82  48 71  48 74
49 52  49 62  49 75  49 86  50 63  50 64  51 54  54 76  54 89  56 82  57 78
59 67  59 85  63 77  65 88  66 83  73 76  77 87  78 79  81 88

Graph 2, order 90.
90 89
0 84  1 77  2 4  2 38  3 52  4 22  4 35  4 89  5 35  5 42  5 43  6 49
7 71  7 77  8 33  8 79  9 45  9 46  10 67  11 21  11 40  12 78  12 81
13 34  13 66  14 53  14 70  14 76  15 32  15 63  16 45  17 25  17 41  18 19
18 39  18 59  18 76  19 36  20 35  20 71  21 56  22 50  23 75  24 53  24 61
24 64  24 65  25 74  26 28  26 89  27 65  28 86  29 30  29 87  30 55  30 58
31 43  32 89  33 74  34 55  35 47  37 69  37 87  38 55  38 72  38 82  38 84
39 83  40 57  42 52  42 54  44 53  46 57  46 60  48 67  49 65  49 88  51 89
54 78  57 69  59 62  61 85  67 70  68 75  70 73  70 84  74 75  75 89  80 85

Graph 3, order 90.
90 89
0 68  0 72  1 55  2 60  2 86  3 18  3 60  3 63  4 8  4 12  4 71  4 74
5 11  5 67  6 62  6 65  7 17  7 32  9 25  9 43  10 26  10 42  10 78  10 85
11 57  11 76  12 58  13 14  14 15  14 45  15 75  16 77  17 59  18 25  19 80
20 21  20 51  21 64  21 87  22 37  22 60  22 76  23 34  24 25  24 41  24 70
27 59  28 86  29 45  30 48  30 85  31 47  31 50  33 35  34 42  34 49  35 73
36 51  37 84  38 46  39 53  39 80  40 42  40 55  40 83  41 66  44 58  44 89
45 78  46 48  47 63  48 72  51 53  52 56  53 77  54 56  55 58  56 59  56 66
57 75  59 62  61 66  61 88  63 81  69 82  69 83  73 84  73 87  79 81

Graph 4, order 90.
90 89
0 42  1 11  1 13  1 31  2 43  3 38  3 85  4 9  4 50  4 71  4 75  5 45
5 57  6 76  7 19  7 45  7 61  7 89  8 76  9 29  9 56  10 14  10 89  12 81
13 28  13 83  15 25  15 45  15 52  15 69  16 51  16 66  16 81  17 35  18 81
19 59  20 23  21 64  22 29  23 33  23 67  24 54  25 30  26 59  27 77  29 41
32 47  33 63  34 60  35 84  35 88  36 44  36 49  37 63  38 57  39 48  39 60
40 53  40 62  40 68  40 70  41 58  41 64  42 77  42 82  42 84  43 72  44 59
46 89  47 65  48 70  51 82  52 88  54 66  55 74  55 76  58 69  59 65  59 67
59 80  61 62  61 78  67 72  68 79  68 83  72 86  73 80  76 86  79 87

Graph 5, order 90.
90 89
0 1  0 53  1 69  1 78  2 14  2 64  2 70  2 86  3 7  4 61  5 20  6 33  6 45
6 57  7 34  7 64  8 29  9 15  10 15  10 67  11 65  12 38  12 76  12 89
13 29  13 38  13 49  15 58  15 71  16 85  17 36  17 59  18 43  18 75  19 56
20 86  21 83  22 35  22 76  23 60  23 68  24 41  25 27  25 52  25 61  26 35
26 54  28 48  28 80  29 42  29 71  30 34  30 46  31 33  32 51  33 72  37 40
37 47  37 48  37 73  38 75  39 63  39 89  40 55  41 49  41 50  41 84  42 74
42 77  44 55  44 64  44 81  49 51  51 56  51 65  53 61  54 66  55 69  55 83
56 73  56 88  57 67  58 60  59 85  59 87  60 62  69 82  79 87  84 85

Graph 6, order 90.
90 89
0 34  1 32  1 66  1 86  2 24  3 19  3 83  4 76  4 77  4 80  4 89  5 7
6 40  6 49  6 62  7 21  7 38  8 72  8 85  9 28  9 46  9 61  9 83  10 60
11 38  11 48  12 33  12 52  12 82  13 86  14 25  14 60  15 33  15 64  16 64
17 18  18 42  19 37  20 26  20 41  22 29  22 64  23 29  23 79  24 51  24 66
25 27  25 34  25 64  25 70  25 76  26 36  28 42  28 86  30 78  31 84  32 81
33 35  36 67  38 63  39 45  39 57  40 56  41 89  42 55  42 58  42 68  43 58
44 50  44 81  47 59  47 66  49 77  52 73  52 87  53 67  54 57  56 65  57 63
57 69  61 65  61 74  63 80  67 84  71 76  75 84  76 85  78 87  80 88

Graph 7, order 90.
90 89
0 52  0 59  1 33  1 49  2 21  2 23  3 57  4 35  4 45  5 85  6 37  7 66
7 84  8 65  9 62  10 32  10 41  10 47  11 20  12 43  12 56  13 16  13 58
13 61  13 68  14 19  14 40  14 64  14 66  15 40  16 56  16 88  17 47  18 60
19 78  20 45  21 33  21 55  22 72  24 71  24 81  25 72  26 76  27 37  28 85
29 73  30 32  30 54  31 38  31 71  31 74  32 48  33 63  34 63  35 84  36 51
37 52  37 56  39 57  40 76  41 46  42 48  42 89  44 85  49 54  50 85  51 75
51 89  53 62  53 63  53 85  57 59  57 89  58 82  60 68  63 77  64 79  65 82
67 71  67 80  69 85  70 71  70 87  71 72  71 73  72 86  74 78  77 87  78 83

Graph 8, order 90.
90 89
0 13  0 16  0 38  0 65  1 80  2 35  2 36  3 52  3 62  3 70  4 17  4 70
5 22  6 7  6 89  7 19  7 29  8 48  8 83  9 64  10 70  11 20  11 34  12 59
13 58  14 75  14 77  15 39  15 82  15 87  17 78  18 24  18 59  19 61  20 57
20 64  21 41  21 43  21 60  21 77  22 43  22 47  22 56  23 84  24 53  25 50
25 83  26 33  26 36  26 86  27 65  27 85  27 88  28 47  28 70  30 89  31 73
31 74  31 76  31 79  31 84  32 72  33 45  33 68  34 44  34 63  35 49  36 80
37 60  37 64  38 39  39 68  40 62  42 84  45 51  46 54  46 80  49 73  53 54
55 60  57 61  57 66  57 83  59 60  64 67  65 71  69 73  71 81  72 86

Graph 9, order 90.
90 89
0 40  1 66  2 61  3 69  4 41  4 67  4 73  4 76  5 42  5 83  6 18  6 49
6 69  7 75  7 80  8 55  9 60  9 73  10 23  11 34  11 44  12 36  13 55
13 77  14 26  14 32  14 49  15 51  16 23  16 41  16 63  17 24  17 45  18 39
19 34  19 50  20 38  20 66  20 80  21 27  21 54  22 29  22 75  24 40  25 53
25 62  26 68  28 64  29 84  29 89  30 62  30 70  30 79  31 61  31 79  32 36
33 55  33 68  35 69  37 45  38 68  39 65  39 71  42 48  43 60  45 66  45 86
46 48  47 66  48 51  50 64  52 76  52 86  54 56  54 58  54 65  56 64  57 59
58 59  58 72  60 74  61 68  63 82  69 78  72 85  75 81  79 88  80 87  82 83

Graph 10, order 90.
90 89
0 50  0 52  1 20  1 21  1 23  1 71  2 7  3 20  3 67  4 6  4 34  4 57  4 77
5 40  5 46  5 63  6 19  7 63  7 75  8 16  8 67  9 24  9 72  10 47  11 12
11 44  11 69  13 46  13 48  14 18  14 32  14 74  14 76  15 59  17 57  18 33
18 37  19 87  20 30  20 85  22 36  22 49  22 73  23 31  25 37  25 38  26 30
26 70  26 83  27 39  27 61  27 86  28 47  28 88  29 59  29 88  30 69  31 88
33 53  34 53  34 55  35 76  39 89  40 81  41 62  42 43  42 80  43 68  45 50
45 77  48 78  48 80  48 82  49 84  51 68  54 72  55 61  55 81  56 71  56 72
58 64  58 81  60 61  62 73  63 65  66 68  67 73  71 82  79 88

Graph 1, order 100.
100 99
0 29  0 50  0 52  1 98  2 4  2 19  2 67  3 7  3 41  3 53  3 66  3 70  3 85
4 94  5 50  5 95  6 13  6 22  6 54  6 59  6 94  8 89  9 42  9 86  9 98
10 90  10 97  11 63  11 76  11 77  12 33  12 82  13 75  14 51  14 72  14 76
14 80  15 45  15 74  16 45  16 59  17 69  18 42  18 60  20 62  20 64  20 73
21 84  22 56  23 52  24 55  24 96  25 37  25 85  26 68  27 61  27 66  27 97
28 70  29 70  30 32  31 36  31 44  32 65  33 36  34 39  34 95  35 71  36 49
37 82  37 83  37 88  38 78  40 65  41 78  41 87  43 45  45 49  46 74  47 48
47 91  48 54  50 65  50 99  51 93  52 79  57 75  58 99  60 89  61 93  62 81
65 81  66 98  68 69  69 71  71 95  83 92  84 98  96 98

Graph 2, order 100.
100 99
0 17  0 82  0 84  1 51  2 52  2 58  2 90  2 91  3 64  3 74  4 26  5 62
6 29  7 86  8 33  8 94  9 88  10 54  10 59  10 86  11 52  12 19  12 45
13 46  14 50  15 58  15 81  16 24  16 55  16 96  17 32  17 46  17 86  18 47
18 60  19 43  20 26  21 90  22 32  23 26  24 41  24 61  24 98  25 55  25 97
26 29  26 93  27 60  28 46  29 48  29 55  29 80  30 32  31 69  31 83  32 62
33 87  34 37  35 66  36 55  37 39  37 51  37 78  37 79  38 90  39 53  39 64
39 77  40 97  40 99  42 71  42 74  44 71  45 73  46 72  47 89  48 89  49 87
50 62  51 76  52 68  53 75  54 79  56 68  57 89  59 73  60 65  63 83  64 94
66 84  67 71  70 83  70 85  70 88  71 85  77 99  84 92  90 92  94 95

Graph 3, order 100.
100 99
0 63  1 2  1 41  1 42  2 28  2 39  3 37  3 90  4 83  4 85  5 13  6 74
6 80  7 53  7 76  8 70  9 76  10 18  10 47  11 15  11 52  12 19  12 21
13 50  13 91  14 64  15 19  15 73  16 33  16 55  16 98  17 70  19 91  20 50
20 67  21 71  22 23  22 25  22 43  22 66  23 30  24 73  25 41  26 50  26 77
26 92  27 40  29 46  31 40  32 64  34 64  34 97  35 60  35 72  35 89  36 54
36 98  37 51  38 95  39 47  39 99  40 74  43 51  43 62  44 48  44 68  45 61
46 58  47 74  49 78  55 75  56 59  56 70  57 98  58 83  59 68  59 76  60 64
61 72  61 79  63 70  63 85  63 87  64 71  65 80  66 81  66 95  68 88  69 70
74 89  78 86  78 92  78 93  82 97  84 89  85 98  88 94  88 95  93 96

Graph 4, order 100.
100 99
0 4  0 5  0 14  0 30  1 85  2 21  2 67  3 70  3 99  4 68  5 29  5 61  6 84
7 21  7 41  7 44  8 47  9 54  9 77  10 24  10 53  10 75  10 93  10 96
11 21  11 60  11 73  12 16  12 31  12 45  13 66  15 45  15 91  17 97  18 35
19 68  20 43  20 48  20 54  20 82  21 53  21 57  22 73  23 85  23 86  23 95
25 27  25 35  25 45  25 49  26 36  27 88  28 80  28 84  29 75  29 76  29 95
30 87  31 59  32 70  33 54  34 43  36 42  36 52  37 50  37 98  38 74  39 64
40 62  41 79  42 78  42 93  46 47  46 91  50 51  50 83  54 61  55 82  56 64
56 91  57 90  58 77  59 74  60 63  60 88  62 68  64 71  65 84  66 92  69 70
69 85  69 98  70 72  74 84  80 97  81 84  85 89  88 92  90 94

Graph 5, order 100.
100 99
0 24  0 73  1 74  2 76  3 72  4 9  4 37  4 84  5 16  5 17  5 50  5 73
6 23  6 97  7 74  7 87  7 99  8 81  9 59  9 71  10 48  10 71  11 53  11 69
12 46  12 64  12 99  13 94  14 93  15 32  16 39  17 38  17 40  17 42  18 42
19 27  19 96  20 41  20 55  20 75  21 47  22 78  23 25  24 52  24 90  25 81
26 92  28 50  29 70  29 90  30 61  31 83  31 96  32 38  32 41  33 72  34 79
35 56  35 89  35 91  36 43  36 66  38 54  38 93  41 76  42 44  42 67  42 84
43 47  44 60  44 64  44 79  45 55  49 51  51 63  51 94  53 90  54 77  54 81
56 74  57 67  57 78  57 88  58 90  60 68  61 72  62 75  62 85  65 96  65 98
66 91  72 74  75 92  78 98  80 87  82 99  83 86  92 95  94 97

Graph 6, order 100.
100 99
0 65  1 22  2 15  3 13  4 12  4 41  4 81  5 51  6 32  6 75  6 83  6 91
7 8  7 30  7 33  7 50  9 11  10 44  10 61  10 99  11 47  12 45  12 98
13 50  14 31  14 32  14 64  15 21  15 56  16 58  17 72  17 92  18 92  19 87
20 84  22 47  22 54  22 82  23 73  23 82  24 38  24 62  25 35  25 54  26 48
27 39  28 88  29 75  29 86  30 40  30 95  31 34  31 53  31 56  32 68  35 45
36 51  37 73  37 96  38 53  39 74  40 59  40 70  41 52  41 93  42 80  42 90
43 83  45 53  46 96  48 54  49 52  49 77  49 78  51 67  55 82  57 65  57 68
58 83  59 67  60 88  60 90  62 97  63 83  64 74  65 67  65 79  66 78  69 74
69 89  71 97  76 89  79 99  83 94  84 88  85 92  86 92  87 97  90 92

Graph 7, order 100.
100 99
0 87  1 68  1 89  2 41  2 72  2 89  2 92  3 14  3 40  3 75  4 64  4 69
4 78  5 61  6 71  7 56  7 95  8 42  9 36  10 22  10 88  11 15  12 18  13 74
15 31  15 61  15 82  16 30  16 38  17 81  18 27  18 32  18 54  18 59  18 76
19 59  19 99  20 34  20 38  20 47  20 98  21 97  22 59  23 73  24 36  24 74
25 37  25 87  26 35  26 89  27 62  27 98  28 63  28 66  28 82  29 84  30 65
33 40  35 37  36 44  36 71  37 43  38 49  39 57  39 92  40 53  41 65  42 47
43 73  44 52  44 86  45 55  45 62  46 63  48 54  50 54  51 97  53 54  55 91
56 59  58 84  58 90  58 97  60 79  61 80  61 96  63 65  64 83  65 74  66 77
67 81  69 72  70 98  73 79  79 85  81 83  88 93  90 98  91 94

Graph 8, order 100.
100 99
0 39  1 36  1 96  2 18  2 41  3 88  4 11  4 28  4 34  5 73  6 77  7 31
7 82  8 12  8 18  8 67  9 15  9 23  9 55  10 17  10 62  11 73  11 77  13 22
13 82  13 95  14 25  15 37  16 60  16 61  16 68  16 77  18 56  19 34  19 39
19 81  20 24  20 85  21 22  23 62  23 63  25 45  25 71  26 29  26 69  27 58
28 94  28 96  29 46  29 50  30 31  30 75  31 87  32 61  32 63  33 75  33 84
33 85  34 38  35 60  37 49  40 43  40 52  40 64  42 63  43 54  44 96  45 80
46 48  46 90  47 56  47 99  48 98  50 89  51 98  53 55  53 64  54 67  54 88
54 92  56 91  57 83  57 86  58 92  59 96  62 86  64 76  65 93  66 70  66 79
67 78  70 84  71 93  71 97  72 77  74 88  77 87  80 85  86 89

Graph 9, order 100.
100 99
0 26  0 67  0 73  0 82  0 85  1 79  2 28  2 54  2 70  3 34  4 89  5 53
5 83  6 22  7 44  7 53  7 75  7 89  8 22  8 77  9 71  10 96  11 16  11 20
11 64  12 69  12 79  13 59  14 61  15 38  15 80  16 54  17 67  18 53  19 40
20 81  21 54  22 59  23 91  23 93  24 76  25 63  27 78  27 97  29 88  30 92
31 56  31 81  32 54  32 67  32 78  32 99  33 74  33 94  34 63  35 55  35 89
36 83  37 41  39 79  39 91  40 45  40 60  41 52  42 74  43 68  44 47  45 90
46 93  47 74  48 67  49 67  50 66  51 55  52 84  53 58  55 69  55 88  57 72
58 86  61 77  61 80  61 92  62 87  63 84  63 85  65 97  66 87  68 77  70 93
71 72  72 99  76 84  76 87  76 95  76 96  77 88  78 90  80 98

Graph 10, order 100.
100 99
0 8  0 48  0 76  1 5  2 33  2 41  3 19  3 42  3 49  4 24  5 28  5 42  6 25
7 20  7 23  7 52  7 68  8 47  9 52  10 53  10 87  11 21  11 24  11 40
12 35  12 41  12 58  12 89  13 19  14 69  15 25  15 88  16 47  17 47  18 53
19 38  20 32  20 42  20 71  21 49  22 24  22 57  24 47  25 59  25 64  26 44
26 67  26 93  27 59  27 94  28 67  29 49  30 40  30 69  31 39  32 90  34 72
36 46  37 50  38 60  39 57  39 66  40 43  41 72  41 99  45 86  46 89  47 72
50 65  50 78  51 77  51 83  51 95  52 85  53 81  54 79  55 70  55 91  56 95
58 95  59 61  59 79  59 87  62 91  62 97  63 89  64 74  64 82  65 96  67 96
71 97  73 77  74 84  75 99  77 80  86 87  88 92  88 96  98 99
